1 2 4 1 2 -1 -1 -1 -1 -1 -1 -1 
1 3 7 1 2 3 -1 -1 -1 -1 -1 -1 
1 4 8 1 2 4 -1 -1 -1 -1 -1 -1 
1 5 5 1 5 -1 -1 -1 -1 -1 -1 -1 
1 6 10 1 5 6 -1 -1 -1 -1 -1 -1 
1 7 10 1 5 7 -1 -1 -1 -1 -1 -1 
1 8 13 1 2 4 8 -1 -1 -1 -1 -1 
1 9 11 1 2 3 9 -1 -1 -1 -1 -1 
2 3 3 2 3 -1 -1 -1 -1 -1 -1 -1 
2 4 4 2 4 -1 -1 -1 -1 -1 -1 -1 
2 5 7 2 4 5 -1 -1 -1 -1 -1 -1 
2 6 12 2 4 5 6 -1 -1 -1 -1 -1 
2 7 9 2 4 7 -1 -1 -1 -1 -1 -1 
2 8 9 2 4 8 -1 -1 -1 -1 -1 -1 
2 9 7 2 3 9 -1 -1 -1 -1 -1 -1 
3 4 7 3 2 4 -1 -1 -1 -1 -1 -1 
3 5 10 3 2 4 5 -1 -1 -1 -1 -1 
3 6 15 3 2 4 5 6 -1 -1 -1 -1 
3 7 12 3 2 4 7 -1 -1 -1 -1 -1 
3 8 10 3 9 8 -1 -1 -1 -1 -1 -1 
3 9 4 3 9 -1 -1 -1 -1 -1 -1 -1 
4 5 3 4 5 -1 -1 -1 -1 -1 -1 -1 
4 6 8 4 5 6 -1 -1 -1 -1 -1 -1 
4 7 5 4 7 -1 -1 -1 -1 -1 -1 -1 
4 8 5 4 8 -1 -1 -1 -1 -1 -1 -1 
4 9 7 4 9 -1 -1 -1 -1 -1 -1 -1 
5 6 5 5 6 -1 -1 -1 -1 -1 -1 -1 
5 7 5 5 7 -1 -1 -1 -1 -1 -1 -1 
5 8 8 5 4 8 -1 -1 -1 -1 -1 -1 
5 9 10 5 4 9 -1 -1 -1 -1 -1 -1 
6 7 3 6 7 -1 -1 -1 -1 -1 -1 -1 
6 8 6 6 7 8 -1 -1 -1 -1 -1 -1 
6 9 12 6 7 8 9 -1 -1 -1 -1 -1 
7 8 3 7 8 -1 -1 -1 -1 -1 -1 -1 
7 9 9 7 8 9 -1 -1 -1 -1 -1 -1 
8 9 6 8 9 -1 -1 -1 -1 -1 -1 -1 
